1.000000000000000000e+00 0.000000000000000000e+00 1.216545012165450154e-03 0.000000000000000000e+00 0.000000000000000000e+00 5.000000000000000278e-02 0.000000000000000000e+00 4.143646408839778833e-02 7.563025210084033112e-02 5.751633986928104264e-02 0.000000000000000000e+00 7.667731629392970927e-02 0.000000000000000000e+00 0.000000000000000000e+00 0.000000000000000000e+00 0.000000000000000000e+00 0.000000000000000000e+00 0.000000000000000000e+00 0.000000000000000000e+00 1.529051987767584110e-03 0.000000000000000000e+00 1.111111111111111154e-02 0.000000000000000000e+00 0.000000000000000000e+00 0.000000000000000000e+00 0.000000000000000000e+00 0.000000000000000000e+00
0.000000000000000000e+00 1.000000000000000000e+00 2.024291497975708523e-03 6.696428571428571057e-03 3.717472118959107633e-03 2.277904328018223127e-03 0.000000000000000000e+00 1.303538175046554948e-02 4.750593824228028714e-03 1.025641025641025640e-03 1.511879049676025967e-02 3.984063745019920250e-03 7.079646017699114946e-03 4.069767441860465407e-02 2.208201892744479644e-02 1.811594202898550790e-02 1.546391752577319645e-02 1.916376306620208927e-02 2.385685884691848835e-02 2.621722846441947724e-02 7.220216606498195203e-03 2.647058823529411728e-02 3.164556962025316406e-03 1.481481481481481538e-02 8.771929824561403022e-03 2.068965517241379282e-02 6.864988558352402327e-03
1.216545012165450154e-03 2.024291497975708523e-03 1.000000000000000000e+00 3.232758620689655128e-03 5.361930294906166322e-03 1.088139281828074019e-03 2.659574468085106318e-03 9.775171065493646130e-04 3.333333333333333547e-03 6.219765031098825267e-03 1.053740779768176953e-03 2.036659877800407140e-03 7.684918347742555021e-03 1.194743130227001121e-03 0.000000000000000000e+00 5.284015852047556187e-03 1.145475372279496041e-03 4.716981132075471518e-03 1.006036217303823022e-03 6.182380216383307446e-03 0.000000000000000000e+00 7.290400972053462728e-03 0.000000000000000000e+00 0.000000000000000000e+00 0.000000000000000000e+00 1.290322580645161289e-03 1.088139281828074019e-03
0.000000000000000000e+00 6.696428571428571057e-03 3.232758620689655128e-03 1.000000000000000000e+00 4.761904761904762334e-03 2.631578947368420993e-03 0.000000000000000000e+00 1.252609603340292324e-02 5.524861878453038444e-03 2.185792349726775954e-03 0.000000000000000000e+00 2.252252252252252233e-03 1.964636542239685518e-03 3.355704697986577108e-03 3.787878787878787984e-03 4.524886877828054703e-03 2.994011976047904373e-03 0.000000000000000000e+00 8.849557522123893682e-03 3.947368421052631707e-03 1.382488479262672897e-02 0.000000000000000000e+00 0.000000000000000000e+00 4.672897196261681894e-03 3.508771929824561469e-03 4.237288135593220324e-03 0.000000000000000000e+00
0.000000000000000000e+00 3.717472118959107633e-03 5.361930294906166322e-03 4.761904761904762334e-03 1.000000000000000000e+00 0.000000000000000000e+00 0.000000000000000000e+00 6.622516556291390723e-03 0.000000000000000000e+00 0.000000000000000000e+00 0.000000000000000000e+00 0.000000000000000000e+00 0.000000000000000000e+00 0.000000000000000000e+00 0.000000000000000000e+00 0.000000000000000000e+00 0.000000000000000000e+00 2.906976744186046471e-03 0.000000000000000000e+00 1.721170395869191109e-03 0.000000000000000000e+00 9.259259259259258745e-03 0.000000000000000000e+00 0.000000000000000000e+00 0.000000000000000000e+00 0.000000000000000000e+00 0.000000000000000000e+00
5.000000000000000278e-02 2.277904328018223127e-03 1.088139281828074019e-03 2.631578947368420993e-03 0.000000000000000000e+00 1.000000000000000000e+00 0.000000000000000000e+00 4.867256637168141525e-02 5.688622754491017702e-02 5.964912280701754194e-02 0.000000000000000000e+00 3.579952267303102703e-02 2.008032128514056040e-03 3.484320557491289196e-03 0.000000000000000000e+00 0.000000000000000000e+00 0.000000000000000000e+00 3.898635477582845787e-03 2.252252252252252233e-03 1.331557922769640570e-03 0.000000000000000000e+00 1.824817518248175036e-02 0.000000000000000000e+00 0.000000000000000000e+00 0.000000000000000000e+00 4.444444444444444441e-03 0.000000000000000000e+00
0.000000000000000000e+00 0.000000000000000000e+00 2.659574468085106318e-03 0.000000000000000000e+00 0.000000000000000000e+00 0.000000000000000000e+00 1.000000000000000000e+00 0.000000000000000000e+00 0.000000000000000000e+00 0.000000000000000000e+00 0.000000000000000000e+00 0.000000000000000000e+00 3.012048192771084494e-03 0.000000000000000000e+00 0.000000000000000000e+00 0.000000000000000000e+00 0.000000000000000000e+00 0.000000000000000000e+00 0.000000000000000000e+00 1.709401709401709400e-03 0.000000000000000000e+00 8.928571428571428076e-03 1.250000000000000069e-02 0.000000000000000000e+00 0.000000000000000000e+00 0.000000000000000000e+00 4.926108374384236509e-03
4.143646408839778833e-02 1.303538175046554948e-02 9.775171065493646130e-04 1.252609603340292324e-02 6.622516556291390723e-03 4.867256637168141525e-02 0.000000000000000000e+00 1.000000000000000000e+00 3.863636363636363535e-02 4.016477857878476138e-02 1.988071570576540551e-03 3.861003861003860921e-02 6.677796327212020232e-03 1.291989664082687263e-02 1.704545454545454419e-02 6.389776357827475772e-03 9.433962264150943036e-03 6.504065040650406498e-03 1.478743068391866894e-02 7.058823529411764955e-03 6.430868167202572275e-03 1.591511936339522551e-02 0.000000000000000000e+00 3.257328990228013175e-03 2.645502645502645356e-03 1.226993865030674875e-02 6.369426751592357008e-03
7.563025210084033112e-02 4.750593824228028714e-03 3.333333333333333547e-03 5.524861878453038444e-03 0.000000000000000000e+00 5.688622754491017702e-02 0.000000000000000000e+00 3.863636363636363535e-02 1.000000000000000000e+00 9.617755856966707373e-02 2.617801047120419007e-03 5.303030303030303177e-02 2.079002079002079117e-03 7.434944237918215265e-03 4.237288135593220324e-03 5.181347150259067551e-03 0.000000000000000000e+00 6.060606060606060601e-03 2.341920374707259951e-03 5.471956224350205122e-03 5.235602094240838014e-03 1.550387596899224785e-02 0.000000000000000000e+00 0.000000000000000000e+00 0.000000000000000000e+00 0.000000000000000000e+00 0.000000000000000000e+00
5.751633986928104264e-02 1.025641025641025640e-03 6.219765031098825267e-03 2.185792349726775954e-03 0.000000000000000000e+00 5.964912280701754194e-02 0.000000000000000000e+00 4.016477857878476138e-02 9.617755856966707373e-02 1.000000000000000000e+00 0.000000000000000000e+00 4.638619201725997787e-02 1.936108422071636075e-03 4.878048780487804874e-03 1.267427122940430846e-03 0.000000000000000000e+00 2.331002331002331000e-03 9.523809523809523801e-04 1.020408163265306214e-03 1.555209953343701396e-03 0.000000000000000000e+00 7.416563658838071921e-03 0.000000000000000000e+00 0.000000000000000000e+00 0.000000000000000000e+00 2.631578947368420993e-03 2.212389380530973421e-03
0.000000000000000000e+00 1.511879049676025967e-02 1.053740779768176953e-03 0.000000000000000000e+00 0.000000000000000000e+00 0.000000000000000000e+00 0.000000000000000000e+00 1.988071570576540551e-03 2.617801047120419007e-03 0.000000000000000000e+00 1.000000000000000000e+00 0.000000000000000000e+00 5.703422053231939348e-03 3.246753246753246447e-02 7.092198581560283516e-03 4.166666666666666609e-03 2.832861189801699851e-03 5.535055350553505157e-03 1.495726495726495790e-02 3.851091142490372429e-03 4.201680672268907381e-03 9.803921568627450844e-03 0.000000000000000000e+00 0.000000000000000000e+00 0.000000000000000000e+00 3.921568627450980338e-03 2.506265664160400863e-03
7.667731629392970927e-02 3.984063745019920250e-03 2.036659877800407140e-03 2.252252252252252233e-03 0.000000000000000000e+00 3.579952267303102703e-02 0.000000000000000000e+00 3.861003861003860921e-02 5.303030303030303177e-02 4.638619201725997787e-02 0.000000000000000000e+00 1.000000000000000000e+00 0.000000000000000000e+00 5.714285714285714281e-03 9.523809523809524669e-03 3.649635036496350245e-03 5.181347150259067551e-03 3.466204506065857695e-03 7.920792079207920888e-03 2.457002457002456942e-03 0.000000000000000000e+00 8.823529411764705760e-03 3.225806451612903223e-03 3.745318352059925134e-03 2.958579881656804664e-03 3.460207612456747510e-03 0.000000000000000000e+00
0.000000000000000000e+00 7.079646017699114946e-03 7.684918347742555021e-03 1.964636542239685518e-03 0.000000000000000000e+00 2.008032128514056040e-03 3.012048192771084494e-03 6.677796327212020232e-03 2.079002079002079117e-03 1.936108422071636075e-03 5.703422053231939348e-03 0.000000000000000000e+00 1.000000000000000000e+00 1.459854014598540098e-02 1.055408970976253261e-02 5.917159763313609329e-03 1.116071428571428596e-02 2.384737678855326087e-02 1.953818827708703534e-02 1.032110091743119323e-02 5.952380952380952051e-03 1.492537313432835792e-02 5.347593582887700224e-03 0.000000000000000000e+00 2.481389578163771710e-03 1.139601139601139658e-02 3.099173553719008350e-02
0.000000000000000000e+00 4.069767441860465407e-02 1.194743130227001121e-03 3.355704697986577108e-03 0.000000000000000000e+00 3.484320557491289196e-03 0.000000000000000000e+00 1.291989664082687263e-02 7.434944237918215265e-03 4.878048780487804874e-03 3.246753246753246447e-02 5.714285714285714281e-03 1.459854014598540098e-02 1.000000000000000000e+00 6.832298136645963138e-02 3.200000000000000067e-02 4.761904761904761640e-02 6.650246305418719417e-02 5.523255813953488469e-02 1.669195751138087894e-02 3.252032520325203596e-02 3.141361256544502462e-02 6.097560975609756309e-03 3.389830508474576259e-02 1.047120418848167603e-02 7.462686567164178442e-02 6.993006993006993001e-03
0.000000000000000000e+00 2.208201892744479644e-02 0.000000000000000000e+00 3.787878787878787984e-03 0.000000000000000000e+00 0.000000000000000000e+00 0.000000000000000000e+00 1.704545454545454419e-02 4.237288135593220324e-03 1.267427122940430846e-03 7.092198581560283516e-03 9.523809523809524669e-03 1.055408970976253261e-02 6.832298136645963138e-02 1.000000000000000000e+00 3.260869565217391214e-02 3.482587064676617022e-02 2.307692307692307820e-02 4.113924050632911111e-02 1.597444089456868943e-02 4.494382022471909988e-02 1.242236024844720413e-02 7.692307692307692735e-03 3.529411764705882304e-02 1.276595744680850963e-01 7.843137254901960675e-02 3.952569169960474041e-03
0.000000000000000000e+00 1.811594202898550790e-02 5.284015852047556187e-03 4.524886877828054703e-03 0.000000000000000000e+00 0.000000000000000000e+00 0.000000000000000000e+00 6.389776357827475772e-03 5.181347150259067551e-03 0.000000000000000000e+00 4.166666666666666609e-03 3.649635036496350245e-03 5.917159763313609329e-03 3.200000000000000067e-02 3.260869565217391214e-02 1.000000000000000000e+00 1.851851851851851749e-02 2.816901408450704376e-03 1.060070671378091946e-02 1.022146507666098735e-02 4.166666666666666435e-02 1.694915254237288130e-02 1.149425287356321823e-02 4.651162790697674354e-02 1.754385964912280604e-02 4.687500000000000000e-02 0.000000000000000000e+00
0.000000000000000000e+00 1.546391752577319645e-02 1.145475372279496041e-03 2.994011976047904373e-03 0.000000000000000000e+00 0.000000000000000000e+00 0.000000000000000000e+00 9.433962264150943036e-03 0.000000000000000000e+00 2.331002331002331000e-03 2.832861189801699851e-03 5.181347150259067551e-03 1.116071428571428596e-02 4.761904761904761640e-02 3.482587064676617022e-02 1.851851851851851749e-02 1.000000000000000000e+00 1.515151515151515194e-02 3.100775193798449569e-02 8.571428571428571855e-03 1.874999999999999931e-02 4.310344827586206837e-03 1.005025125628140718e-02 1.282051282051282007e-02 8.810572687224670421e-03 5.263157894736841813e-02 1.250000000000000069e-02
0.000000000000000000e+00 1.916376306620208927e-02 4.716981132075471518e-03 0.000000000000000000e+00 2.906976744186046471e-03 3.898635477582845787e-03 0.000000000000000000e+00 6.504065040650406498e-03 6.060606060606060601e-03 9.523809523809523801e-04 5.535055350553505157e-03 3.466204506065857695e-03 2.384737678855326087e-02 6.650246305418719417e-02 2.307692307692307820e-02 2.816901408450704376e-03 1.515151515151515194e-02 1.000000000000000000e+00 2.608695652173912902e-02 2.047781569965870241e-02 2.832861189801699851e-03 1.193317422434367510e-02 1.291989664082687263e-02 8.670520231213871970e-03 4.784688995215310818e-03 1.643835616438356004e-02 1.980198019801980222e-02
0.000000000000000000e+00 2.385685884691848835e-02 1.006036217303823022e-03 8.849557522123893682e-03 0.000000000000000000e+00 2.252252252252252233e-03 0.000000000000000000e+00 1.478743068391866894e-02 2.341920374707259951e-03 1.020408163265306214e-03 1.495726495726495790e-02 7.920792079207920888e-03 1.953818827708703534e-02 5.523255813953488469e-02 4.113924050632911111e-02 1.060070671378091946e-02 3.100775193798449569e-02 2.608695652173912902e-02 1.000000000000000000e+00 1.472392638036809816e-02 1.792114695340501704e-02 2.832861189801699851e-03 6.250000000000000347e-03 1.454545454545454544e-02 1.156069364161849654e-02 4.513888888888888812e-02 2.252252252252252233e-03
1.529051987767584110e-03 2.621722846441947724e-02 6.182380216383307446e-03 3.947368421052631707e-03 1.721170395869191109e-03 1.331557922769640570e-03 1.709401709401709400e-03 7.058823529411764955e-03 5.471956224350205122e-03 1.555209953343701396e-03 3.851091142490372429e-03 2.457002457002456942e-03 1.032110091743119323e-02 1.669195751138087894e-02 1.597444089456868943e-02 1.022146507666098735e-02 8.571428571428571855e-03 2.047781569965870241e-02 1.472392638036809816e-02 1.000000000000000000e+00 5.102040816326530205e-03 1.070336391437308812e-02 4.792332268370606829e-03 8.605851979345954458e-03 3.053435114503816761e-03 1.502504173622704574e-02 1.331557922769640570e-03
0.000000000000000000e+00 7.220216606498195203e-03 0.000000000000000000e+00 1.382488479262672897e-02 0.000000000000000000e+00 0.000000000000000000e+00 0.000000000000000000e+00 6.430868167202572275e-03 5.235602094240838014e-03 0.000000000000000000e+00 4.201680672268907381e-03 0.000000000000000000e+00 5.952380952380952051e-03 3.252032520325203596e-02 4.494382022471909988e-02 4.166666666666666435e-02 1.874999999999999931e-02 2.832861189801699851e-03 1.792114695340501704e-02 5.102040816326530205e-03 1.000000000000000000e+00 0.000000000000000000e+00 0.000000000000000000e+00 2.380952380952380820e-02 8.849557522123893682e-03 4.838709677419354704e-02 0.000000000000000000e+00
1.111111111111111154e-02 2.647058823529411728e-02 7.290400972053462728e-03 0.000000000000000000e+00 9.259259259259258745e-03 1.824817518248175036e-02 8.928571428571428076e-03 1.591511936339522551e-02 1.550387596899224785e-02 7.416563658838071921e-03 9.803921568627450844e-03 8.823529411764705760e-03 1.492537313432835792e-02 3.141361256544502462e-02 1.242236024844720413e-02 1.694915254237288130e-02 4.310344827586206837e-03 1.193317422434367510e-02 2.832861189801699851e-03 1.070336391437308812e-02 0.000000000000000000e+00 1.000000000000000000e+00 1.298701298701298787e-02 8.928571428571428076e-03 0.000000000000000000e+00 1.503759398496240518e-02 1.454545454545454544e-02
0.000000000000000000e+00 3.164556962025316406e-03 0.000000000000000000e+00 0.000000000000000000e+00 0.000000000000000000e+00 0.000000000000000000e+00 1.250000000000000069e-02 0.000000000000000000e+00 0.000000000000000000e+00 0.000000000000000000e+00 0.000000000000000000e+00 3.225806451612903223e-03 5.347593582887700224e-03 6.097560975609756309e-03 7.692307692307692735e-03 1.149425287356321823e-02 1.005025125628140718e-02 1.291989664082687263e-02 6.250000000000000347e-03 4.792332268370606829e-03 0.000000000000000000e+00 1.298701298701298787e-02 1.000000000000000000e+00 1.250000000000000069e-02 1.333333333333333419e-02 9.803921568627450844e-03 3.347280334728033185e-02
0.000000000000000000e+00 1.481481481481481538e-02 0.000000000000000000e+00 4.672897196261681894e-03 0.000000000000000000e+00 0.000000000000000000e+00 0.000000000000000000e+00 3.257328990228013175e-03 0.000000000000000000e+00 0.000000000000000000e+00 0.000000000000000000e+00 3.745318352059925134e-03 0.000000000000000000e+00 3.389830508474576259e-02 3.529411764705882304e-02 4.651162790697674354e-02 1.282051282051282007e-02 8.670520231213871970e-03 1.454545454545454544e-02 8.605851979345954458e-03 2.380952380952380820e-02 8.928571428571428076e-03 1.250000000000000069e-02 1.000000000000000000e+00 1.869158878504672758e-02 5.263157894736841813e-02 0.000000000000000000e+00
0.000000000000000000e+00 8.771929824561403022e-03 0.000000000000000000e+00 3.508771929824561469e-03 0.000000000000000000e+00 0.000000000000000000e+00 0.000000000000000000e+00 2.645502645502645356e-03 0.000000000000000000e+00 0.000000000000000000e+00 0.000000000000000000e+00 2.958579881656804664e-03 2.481389578163771710e-03 1.047120418848167603e-02 1.276595744680850963e-01 1.754385964912280604e-02 8.810572687224670421e-03 4.784688995215310818e-03 1.156069364161849654e-02 3.053435114503816761e-03 8.849557522123893682e-03 0.000000000000000000e+00 1.333333333333333419e-02 1.869158878504672758e-02 1.000000000000000000e+00 1.550387596899224785e-02 0.000000000000000000e+00
0.000000000000000000e+00 2.068965517241379282e-02 1.290322580645161289e-03 4.237288135593220324e-03 0.000000000000000000e+00 4.444444444444444441e-03 0.000000000000000000e+00 1.226993865030674875e-02 0.000000000000000000e+00 2.631578947368420993e-03 3.921568627450980338e-03 3.460207612456747510e-03 1.139601139601139658e-02 7.462686567164178442e-02 7.843137254901960675e-02 4.687500000000000000e-02 5.263157894736841813e-02 1.643835616438356004e-02 4.513888888888888812e-02 1.502504173622704574e-02 4.838709677419354704e-02 1.503759398496240518e-02 9.803921568627450844e-03 5.263157894736841813e-02 1.550387596899224785e-02 1.000000000000000000e+00 8.928571428571428076e-03
0.000000000000000000e+00 6.864988558352402327e-03 1.088139281828074019e-03 0.000000000000000000e+00 0.000000000000000000e+00 0.000000000000000000e+00 4.926108374384236509e-03 6.369426751592357008e-03 0.000000000000000000e+00 2.212389380530973421e-03 2.506265664160400863e-03 0.000000000000000000e+00 3.099173553719008350e-02 6.993006993006993001e-03 3.952569169960474041e-03 0.000000000000000000e+00 1.250000000000000069e-02 1.980198019801980222e-02 2.252252252252252233e-03 1.331557922769640570e-03 0.000000000000000000e+00 1.454545454545454544e-02 3.347280334728033185e-02 0.000000000000000000e+00 0.000000000000000000e+00 8.928571428571428076e-03 1.000000000000000000e+00
